8715820928
8506350117
8799701191
8633597738
5195469835
8182255725
1513008366
8722613907
6257559189
7163963350
8308975113
5300221451
1426159116
6364109325
6168349709
8563881485
8601858071
7688734232
1586010649
1426989083
1232021543
7807828008
8568958511
7333410864
6403103794
2079856184
8572576825
8057741370
5261731388
7245856317
8327254595
5963054660
8756771399
8380258375
6728097865
1747306055
7338513485
7325058131
8494203476
6321492575
7023135328
7104236130
7363114611
8255362677
8461397621
8238084731
7856502907
8547010173
1811592828
6262064767
8566710398
1014841986
1764258952
7374867087
8717750928
8511812755
8708547223
7839961753
7687078555
636081313
7422107306
7248284842
7494845616
1846307009
6699815619
8186068163
8725470407
6957746378
8148565195
8417766611
5373532884
1460946652
1387743454
8769958116
1318922470
8456116969
8597934315
8494779127
7994921211
8665989379
6523567365
8252670218
8528380695
8353193240
7552367903
8685954335
929942305
5607494947
6575075620
8223113002
1926720305
8612400434
5763406649
7669357884
1640430910
6794037574
1375622473
8088189774
1151967055
8647936852
5379811679
1060566367
7046717801
6292202858
7230285679
5762301807
8669742959
1913778547
5559149942
6772252024
1405981561
8379337598
6833980287
8234336128
7147015046
7820205451
8399827858
7109912471
8015378840
5009803163
8413305244
5894972318
1638212005
6224332712
8586289580
837394880
6929401281
6560024512
7854324677
8340837332
2078727131
1391273436
5909184476
8797842403
8575755246
8123972084
8755145717